139,10
10,8
10,7
139,9
10,6
10,5
139,8
139,7
139,6
157,3
157,2
157,1
157,0
156,3
156,2
156,1
156,0
155,3
155,2
155,1
155,0
154,4
154,3
154,2
154,1
154,0
99,4
99,3
99,2
99,1
99,0
94,6
94,5
94,4
94,3
94,2
94,1
94,0
92,4
92,3
92,2
92,1
92,0
86,7
86,6
86,5
86,4
86,3
86,2
86,1
86,0
34,3
34,2
34,1
34,0
32,4
32,3
32,2
32,1
32,0
30,3
30,2
30,1
30,0
26,3
26,2
26,1
26,0
14,5
14,4
14,3
14,2
14,1
14,0
12,4
12,3
12,2
12,1
12,0
11,5
11,4
11,3
11,2
11,1
11,0
10,4
10,3
10,2
10,1
10,0
5,3
5,2
5,1
5,0
4,3
4,2
4,1
4,0
3,6
3,5
3,4
3,3
3,2
3,1
3,0
2,14
2,13
2,12
2,11
2,5
2,4
2,3
2,2
2,1
2,0
1,3
1,2
1,1
1,0
0,445
0,434
0,431
0,409
0,408
0,402
0,367
0,365
0,363
0,361
0,360
0,349
0,348
0,345
0,336
0,332
0,324
0,323
0,322
0,243
0,9
0,0
0,310
0,305
0,308
0,304
0,303
0,302
0,307
0,12
0,433
0,10
0,8
0,416
0,300
0,299
0,414
0,298
0,413
0,297
0,343
0,296
0,411
0,295
0,410
0,294
0,374
0,293
0,407
0,292
0,406
0,291
0,405
0,290
0,404
0,289
0,436
0,288
0,432
0,287
0,403
0,286
0,285
0,352
0,284
0,400
0,283
0,438
0,282
0,328
0,281
0,399
0,280
0,398
0,279
0,319
0,278
0,396
0,277
0,435
100,0
100,1
100,3
100,4
100,7
101,0
101,2
101,4
101,5
101,7
101,8
101,10
102,0
102,1
102,3
102,4
102,6
104,0
104,2
104,4
106,0
106,2
106,3
109,0
109,2
109,3
109,5
109,6
110,1
110,2
110,4
115,0
115,1
115,3
115,4
117,0
117,2
117,3
118,0
118,1
118,3
118,4
118,6
118,9
118,10
118,12
118,13
120,0
120,2
120,3
120,5
121,0
121,2
121,4
121,5
121,7
122,0
122,2
122,3
123,0
123,2
123,3
123,5
124,0
124,2
124,4
125,0
125,2
125,3
126,0
126,1
126,3
127,0
127,1
127,3
128,0
128,2
129,0
129,1
129,3
130,0
130,2
130,3
131,1
131,3
131,4
132,1
132,2
132,4
133,0
133,1
133,3
133,4
134,1
134,3
135,0
135,2
135,3
136,1
136,2
136,4
137,0
137,1
137,3
137,4
137,6
138,1
138,2
138,4
138,5
139,1
139,2
139,4
140,0
140,1
140,3
141,0
141,2
141,4
141,5
142,0
142,1
142,3
142,4
143,1
143,3
143,4
143,6
144,0
144,2
145,0
145,1
145,3
145,4
146,1
146,2
146,4
147,0
147,1
147,3
147,4
147,6
148,1
148,2
148,4
149,0
149,2
149,4
150,0
150,2
150,3
150,5
150,6
150,8
150,10
151,0
151,2
151,3
152,0
152,2
152,3
153,0
153,1
153,3
153,4
153,2
152,4
152,1
151,4
151,1
150,9
150,7
150,4
150,1
149,3
149,1
148,3
148,0
147,5
147,2
146,5
146,3
146,0
145,2
144,3
144,1
143,5
143,2
143,0
142,2
141,6
141,3
141,1
140,2
139,5
139,3
139,0
138,3
138,0
137,5
137,2
136,5
136,3
136,0
135,1
134,2
134,0
133,2
132,5
132,3
132,0
131,2
131,0
130,1
129,2
128,3
128,1
127,2
126,4
126,2
125,4
125,1
124,3
124,1
123,4
123,1
122,4
122,1
121,6
121,3
121,1
120,4
120,1
118,14
118,11
118,7
118,5
118,2
117,4
117,1
115,5
115,2
110,5
110,3
110,0
109,4
109,1
106,4
106,1
104,3
104,1
102,5
102,2
101,11
101,9
101,6
101,3
101,1
100,5
100,2
0,276
0,444
0,275
0,395
0,274
0,429
0,273
0,443
0,272
0,440
0,271
0,418
0,270
0,428
0,269
0,430
0,268
0,390
0,267
0,389
0,266
0,388
0,265
0,387
0,264
0,370
0,263
0,385
0,262
0,384
0,261
0,317
0,260
0,314
0,259
0,381
0,258
0,393
0,257
0,379
0,256
0,383
0,255
0,377
0,254
0,376
0,253
0,401
0,252
0,426
0,251
0,375
0,250
0,397
0,249
0,373
0,248
0,372
0,247
0,439
0,246
0,437
0,245
0,371
0,244
0,334
0,242
0,369
0,241
0,368
0,240
0,427
0,239
0,366
0,238
0,423
0,237
0,364
0,236
0,425
0,235
0,424
0,234
0,422
0,233
0,362
0,232
0,231
0,230
0,359
0,229
0,350
0,228
0,357
0,227
0,358
0,226
0,354
0,225
0,382
0,224
0,391
0,223
0,356
0,222
0,392
0,221
0,346
0,220
0,351
0,219
0,441
0,218
0,415
0,217
0,216
0,421
0,215
0,420
0,214
0,347
0,213
0,331
0,212
0,412
0,211
0,344
0,210
0,355
0,209
0,342
0,208
0,341
0,207
0,340
0,206
0,339
0,205
0,338
0,204
0,337
0,203
0,386
0,202
0,419
0,201
0,200
0,335
0,199
0,447
0,198
0,353
0,197
0,196
0,446
0,195
0,330
0,194
0,329
0,193
0,380
0,192
0,327
0,63
0,326
0,62
0,325
0,61
0,60
0,394
0,59
0,321
0,58
0,320
0,57
0,378
0,56
0,318
0,55
0,417
0,54
0,442
0,53
0,316
0,52
0,315
0,51
0,333
0,50
0,313
0,49
0,312
0,48
0,311
0,47
0,309
0,46
0,306
0,45
0,301
0,6
0,5
0,1
0,11
0,4
0,2
0,3
0,7
